4.5
1. 1.5
2. -0.6
3. 0.3
4. -0.2
5. 0.9
6. 2.5
7. 0.0
8. 1.1
9. 0.1
10. 0.3
11. 0.3
12. 0.4
13. 0.3
14. 0.6
15. 0.6
16. 0.2
17. -0.3
18. 0.4
19. 1.7
20. 0.3
21. 1.6
22. 1.0
23. 1.1
24. 0.4
25. 1.2
26. 0.9
27. 2.8
28. 0.9
29. 0.3
30. 1.0
31. 1.0
32. 2.2
33. -0.6
34. 0.8
35. 1.0
36. 2.5
37. 0.5
38. 0.5
39. 1.5
40. 1.5
41. 1.6
42. 1.2
43. 1.0
44. 1.0
45. 1.1
46. 1.0
47. 1.0
48. 1.0
49. 1.0
50. 1.0
51. 1.0
52. 1.0
53. 1.5
54. 0.4
55. -0.2
56. 2.0
57. 1.0
58. 2.4
59. 0.6
60. 0.9
61. 1.9
62. 0.4
63. 1.8
64. -0.6
65. 0.1
66. 1.1
67. -0.1
68. 1.0
69. 1.0
70. 0.4
71. 0.9
72. 0.9
73. 1.0
74. 1.0
75. 0.9
76. 0.2
77. 0.7
78. 1.3
79. 0.6
80. 1.2
81. 0.3
82. 0.5
83. 0.0
84. 1.0
85. 1.0
86. 1.0
